## ListNet
## Epochs = 1500
## No. of features = 46
1 2 3 4 5 6 7 8 9 10 11 12 13 14 15 16 17 18 19 20 21 22 23 24 25 26 27 28 29 30 31 32 33 34 35 36 37 38 39 40 41 42 43 44 45 46
0
0 0 -0.011272735162620333
0 1 0.06078464735486397
0 2 0.07044166903859377
0 3 0.06927016799357166
0 4 0.014858967706338558
0 5 -0.03340977430343628
0 6 0.009308874607086182
0 7 0.08000816404819489
0 8 -0.017574399709701538
0 9 0.011600583791732788
0 10 0.09138458339326024
0 11 0.11722171709628389
0 12 0.1744441700791124
0 13 -0.007083829546505369
0 14 0.1688054833262098
0 15 0.10370190762604105
0 16 -0.02051304987681402
0 17 -0.07230409760842181
0 18 -0.12232817678487458
0 19 -0.011425602632158246
0 20 0.2719368921461689
0 21 0.15452827759046567
0 22 0.28566784966497477
0 23 0.24519763859558472
0 24 0.05644071130725223
0 25 0.08992849412001176
0 26 0.06748517847758685
0 27 0.12668970574402372
0 28 0.08023673652133001
0 29 0.10134581957339223
0 30 0.16848652280405346
0 31 0.11145806254340926
0 32 0.04132379959154618
0 33 0.07885527509546515
0 34 0.0814094477553439
0 35 0.08327504309006258
0 36 0.21982119472412776
0 37 0.10348073053822099
0 38 0.2139336726889836
0 39 0.23986278017899326
0 40 -0.021332756882203822
0 41 0.006159668399439122
0 42 -0.07544763386249542
0 43 -0.016589694352378215
0 44 0.02310351479755067
0 45 0.006295632286775756
0 46 -2.889692841563374E-4
