## RankNet
## Epochs = 100
## No. of features = 46
## No. of hidden layers = 1
## Layer 1: 10 neurons
1 2 3 4 5 6 7 8 9 10 11 12 13 14 15 16 17 18 19 20 21 22 23 24 25 26 27 28 29 30 31 32 33 34 35 36 37 38 39 40 41 42 43 44 45 46
1
10
0 0 -0.043762732221756126 0.014537416358530824 -0.06083431288811872 0.08427994343876292 -0.03559467477375333 0.02514648944310678 -0.071987204111175 0.0895152652149836 0.008249589028636945 0.026126470169102068
0 1 0.008708460372430086 0.06137196377701723 0.0034236808922645597 0.0620293046702424 -0.043953402545038246 -0.027234373598407847 0.10551778519395201 0.10895098763704662 0.04387770047232945 -0.0030853621132625676
0 2 0.13975022113977104 0.059277580615809275 0.03867344698854815 0.046784902645952545 0.08330613582056748 -0.08150510201722902 0.054782074045774155 -0.013097747230597983 -0.06274763032739523 -0.01261944549189767
0 3 0.07220396021931155 -0.0742688537132088 0.0031721902688237077 0.03618377083806997 0.051763691568226654 0.015592276448848306 0.016164612792050743 0.06947935820747343 -0.039721259206885726 -0.06700555459534474
0 4 -0.04874362073686573 0.03975669657218338 -0.07067024630909001 0.1013783794825353 0.07396037912836012 -0.08580055708356939 -0.02609189477897013 0.11849206158284323 0.05895135219742537 0.08423474518104716
0 5 0.03219585493206978 -0.01336672343313694 -0.014620011672377586 -0.052500493824481964 -0.030172627419233322 0.0687393844127655 -0.023390084505081177 -0.050175756216049194 -0.0961625948548317 -0.0851646438241005
0 6 0.053715139627456665 0.06524641811847687 -0.09955652058124542 0.06023820489645004 0.006993305869400501 -0.06041406840085983 -0.07923998683691025 0.09967803210020065 -0.002093106508255005 0.08337073773145676
0 7 0.04228115826845169 0.014079248532652855 0.07097448408603668 -0.09059003740549088 -0.010871189646422863 0.008801579475402832 -0.052411384880542755 0.01167039293795824 -0.04096997529268265 0.06859142333269119
0 8 -0.053606439381837845 0.04631131887435913 -0.00769197940826416 0.004654061980545521 0.041383046656847 -0.08492901176214218 0.08967407047748566 -0.08862974494695663 0.03215951472520828 -0.08346860855817795
0 9 -0.08749913424253464 -0.04529062658548355 -0.0730544775724411 -0.003146141767501831 0.07970638573169708 -0.013763869181275368 0.04524244740605354 -0.04665393754839897 -0.054001279175281525 0.01569953002035618
0 10 -0.05780889949481112 0.07426758112802108 -0.06451737749162095 0.10423281014640474 0.01299004491030696 0.048552246384024195 0.030617298682250632 -0.031166481354313578 0.09588380353162032 0.04237889548677036
0 11 -0.014089206450451948 0.042833714957893475 0.06689627295561777 0.07494846244304178 0.09337912474187236 -0.06919273195379998 -0.015834856547330824 0.11500225475656671 -0.08778388341400668 0.05762240711085135
0 12 0.06508289601136497 -0.07491066452943439 -0.064580577817355 0.05276556211113298 0.045809718451754126 -0.05049653033212511 0.005723153445979168 0.09812401570431317 0.1137723093836811 -0.08047623626374041
0 13 -0.060779401849390916 -0.006146073599091493 -0.053574653079783235 -0.07379758748831482 -0.033270519425981665 0.011051570124294896 0.053249840214072065 0.03285675739614494 0.033449856420036006 0.06085649627228179
0 14 -0.029236095538069648 0.0069644113597322095 -0.047698674702333944 -0.028541402063719145 0.09224625507646496 0.05847878606101223 0.04457505374637447 0.05302067581897169 -0.022568011846567117 0.09298492216687004
0 15 -0.010453260640369144 -0.03532133973149869 -0.025704675109893927 0.08343837080209765 0.06192625290227737 -0.0914848221734809 -0.03754000162254752 0.09949063195502376 -0.08420069254265225 -0.05851022608150043
0 16 -0.004398715401263639 -0.0375080244607445 -0.022287754857410642 0.05444510639703564 -0.0794929772024012 0.028778521719038924 0.08451339232380606 -0.012148890378983581 -0.0813129397751721 0.0736234669809647
0 17 0.06863182014594804 -0.01192859849593077 0.034007772579678436 -0.0744736804020956 -0.035901723197331155 -0.012805646541810257 0.052469303761016266 -0.05608133372742408 -0.06348372506043092 0.06739106048158741
0 18 0.04799389272755865 0.006428446941955434 -0.004074467144681517 0.0019151894079895788 0.06175529973272309 0.05989097915334473 -0.0942067223016995 -0.037999767202244454 0.047739662911191146 0.0027318377884378623
0 19 0.04163321311609679 -0.006994606929843343 0.07702719753739125 -0.07680243655628287 -0.0331459390925444 0.0452614384704133 0.028559519642833354 0.09734901800541777 0.03634012101842937 -0.06247701028070997
0 20 0.18162274887404348 -0.07906104729448278 -0.027178252561759993 0.17883775318114437 -0.07573100004389341 -0.03927026504763951 0.0432036894816485 0.021141728841028183 0.00851826778343058 0.028604365128392435
0 21 0.08419757698456003 -0.13311169731034214 -0.13513459898572827 0.1688588202623667 -0.04654952166430127 0.0014858330445620893 -0.030690244160635354 -0.0012175041163669526 -0.0570058543965073 0.062316040274319195
0 22 0.17949327337368162 -0.0899246520369605 -0.07552104154822924 0.0064950693131961825 0.1226192412992894 0.010893323960751043 0.13608351540820798 0.008664942816036076 0.10014478912685662 0.08749177414666671
0 23 0.0342988954355637 0.03037918474526244 -0.1324051753955201 0.11053189106943305 0.11325110758730375 -0.1601716589548183 0.04828064467566939 0.13165204890607995 0.028150792309678107 0.03556614184601603
0 24 0.017890151199260358 -0.0100129380875094 -0.025851624527552287 -0.049124716395849775 0.00920475429490353 0.068248342559319 0.07420803069908209 0.10478382921811928 0.04821853381553083 0.10783552239692258
0 25 -0.01461264402796454 0.015691778694873308 -0.0513336702686056 0.00830172842109248 0.10946673048452314 -0.12231717197882178 -0.021621192837981744 0.026691021065271922 0.07951113129992275 -0.029000523780942453
0 26 0.02363373180801977 0.0658617036482643 -0.07175924860297425 0.08284068093221032 0.08815598250799436 0.06398209770100413 0.0917139034802316 0.0049086609086039425 0.08386940708408779 0.041996217566466605
0 27 0.08422391452736663 -0.051820916811174844 -0.12713586429764448 0.03287739305755858 -0.014700541535062487 -0.02542878841028116 0.024793342358810283 0.013810996862712853 0.07695140998026491 -0.009306746639172924
0 28 -0.03841452787636681 -0.01723464563569364 0.06398250529130645 -0.041281423535230795 0.10945210995466523 0.04854766810768906 0.1023133712616247 0.03323522094908267 0.11032012450389066 0.03778578049503388
0 29 0.042610143229066144 -0.09371748161607382 -0.017398355948304384 0.005671049198845455 0.007359344586131133 0.03206052296135253 0.025866693551266542 0.06155619432014983 0.04323865662072456 -0.023331657650505388
0 30 -0.004698368035866131 -0.023268504374319286 -0.021332639393144094 0.13974200464216702 0.05964874137196128 -0.11544562878929991 -0.06363506259477042 0.13953258490000586 0.047807895689331734 -0.019251523391899887
0 31 0.07322023352684874 -0.11794663121851329 -0.0050620595367953875 -0.043022844254612384 -0.02675054218597088 -0.12260767287986804 0.0092194953859584 -0.05269221220197054 -0.0433896266512086 0.033944520204790704
0 32 0.0447933990843552 0.05970871361611351 0.02357580329855361 -2.1895111792711244E-4 0.09115968857658445 0.06468726755499872 0.03600422360636747 -0.08313571614782905 -0.041111847069770995 -0.017670347946847877
0 33 0.10328490232538338 -0.037923601268044664 0.061061121300301585 -0.03766293611539621 0.07610002626694834 0.07462630902387607 -0.045018947677062944 -0.04142168471694404 -0.03227624399435415 -0.04294121908727692
0 34 0.03696725324664968 0.08652431524994478 -0.06971390872137966 -0.03396429213329663 -0.05387092649223263 -0.10995700339725559 0.015946037617226873 0.007125253619249814 -0.05184815319480418 0.06792373663937623
0 35 -0.024202548322586146 0.050290580672975656 0.08419686876626058 0.08227749359771781 0.07984717272612558 -0.06420206308488642 -0.05466594716872976 -0.05307408636060353 0.05199225691906445 0.08702677710442773
0 36 0.046418872134426935 -0.0401670657112461 0.0011451826381060903 0.08184622430673649 0.08582179999129223 -0.12399458482270811 0.05277865738344073 0.15308546384146723 -0.046701493956122546 0.005983616076597014
0 37 0.06421347092478945 -0.07955934582946171 -0.031033310946987948 -0.011513220868246537 0.06947113082830089 -0.041721282274008 -0.01574334301689409 0.1788839146910994 -0.016680072641661648 -0.048550318586256
0 38 0.1440042383342937 0.027412746990514502 -0.14732288126548496 0.18681260513996206 -0.0603734544547121 -0.01382658403794691 0.06033304561613416 0.10696582046216375 -0.04627324136989148 -0.03448777476770859
0 39 0.0784313014581173 -0.0841727694313158 0.018163660453676178 0.08723374194695173 0.05349479336691194 -0.1432789569850006 0.02463808410086355 0.1128352814627169 0.0764270236480244 0.006099955873356596
0 40 -0.08498986573697188 -0.041090058119951305 -0.0328083297277934 -0.05858444911786498 0.03255277413788732 0.03863288129831279 0.03547522400975623 0.059018367597821676 -0.00305787828156748 -0.0384365006461529
0 41 -0.09392253742436248 -0.008581770189159078 -0.04764883041851838 -0.12221324830633466 0.04451443436163036 0.012262794548731559 -0.022358508668751737 -0.07758394436325332 0.03151500971039472 -0.05234967596011141
0 42 -0.011916500516235828 0.06559626758098602 0.04125664755702019 -0.09570170193910599 0.011479562148451805 0.07662014663219452 0.09842084348201752 0.054175376892089844 0.08348122239112854 0.08547645062208176
0 43 0.05951993785612163 0.035464977817023055 -0.07588092355705954 0.09889930823596563 -0.019087367553416452 0.0995455374798764 0.0014075343882426455 -0.03205114326859059 0.025384230132058296 0.02435918356119269
0 44 -0.09117872179211492 0.06183208864258843 0.015076156252832928 -0.054810142737410944 -0.027943470193701553 0.07950522222020823 -0.014368016781520979 -0.08386395771205797 0.06938656936029486 -0.09642327787904705
0 45 0.09180686879309749 0.07621529701733898 -0.0593648432423053 0.08468735220701246 -0.0149451787417137 -2.789067150891005E-4 -0.007897283751241192 0.030929861558122978 -0.08874638813203162 2.2493844434589227E-4
0 46 -0.09553869861334481 0.04046739317422216 -0.06039705417318937 -0.065053488258149 -0.061269104386996946 0.06419454125373017 -0.06985401176902731 0.07703732428171854 0.093204700669085 -0.04366039920587842 0.06070226164362466
1 0 0.32798736580322485
1 1 -0.1643285233869752
1 2 -0.2226145096368571
1 3 0.33110060125806134
1 4 0.14014124744298714
1 5 -0.23183993903334515
1 6 0.1545667136401029
1 7 0.3252164412144429
1 8 0.08312389921574567
1 9 0.08441263004403018
